R01    GLONASS      771  1996 01 01 00 00 00  1996 12 21 23 59 59         23
R01    GLONASS      779  1999 01 01 00 00 00  2002 07 08 23 59 59          2
R01    GLONASS      796  2004 12 26 00 00 00  2006 03 20 23 59 58          2
R01    GLONASS      796  2006 03 20 23 59 59  2009 12 13 23 59 59          7
R01    GLONASS-M    730  2009 12 14 00 00 00                               1
R02    GLONASS      757  1996 01 01 00 00 00  1997 08 23 23 59 59          5
R02    GLONASS      794  2003 12 10 00 00 00  2005 02 16 23 59 58          4
R02    GLONASS      794  2005 02 16 23 59 59  2008 12 24 23 59 59          1
R02    GLONASS-M    728  2008 12 25 00 00 00  2009 09 13 23 59 59          1
R02    GLONASS-M    728  2009 09 14 00 00 00  2013 06 30 23 59 59         -4
R02    GLONASS-M    747  2013 07 01 00 00 00                              -4
R03    GLONASS      763  1996 01 01 00 00 00  2001 11 30 23 59 59         21
R03    GLONASS      789  2001 12 01 00 00 00  2008 12 24 23 59 59         12
R03    GLONASS-M    727  2008 12 25 00 00 00  2010 09 30 23 59 59          5
R03    GLONASS-M    722  2010 10 01 00 00 00  2010 12 15 23 59 59         -5
R03    GLONASS-M    727  2010 12 16 00 00 00  2011 03 10 23 59 59          5
R03    GLONASS-M    715  2011 03 11 00 00 00  2011 10 12 23 59 59         -6
R03    GLONASS-K1   801  2011 10 13 00 00 00  2011 11 30 23 59 59         -5
R03    GLONASS-M    744  2011 12 01 00 00 00                               5
R04    GLONASS      762  1994 11 20 00 00 00  1999 11 19 23 59 59         12
R04    GLONASS      795  2003 12 10 00 00 00  2009 12 13 23 59 59          6
R04    GLONASS-M    733  2009 12 14 00 00 00  2010 09 30 23 59 59          6
R04    GLONASS-M    727  2010 10 01 00 00 00  2010 12 15 23 59 59          6
R04    GLONASS-K1   801  2011 02 26 00 00 00  2011 10 11 00 00 00         -5
R04    GLONASS-M    742  2011 10 13 00 00 00  2019 08 25 23 59 59          6
R04    GLONASS-M    859  2019 12 27 00 00 00                               6
R05    GLONASS      711  2001 12 01 00 00 00  2006 03 20 23 59 58          2
R05    GLONASS      711  2006 03 20 23 59 59  2009 12 13 23 59 59          7
R05    GLONASS-M    734  2009 12 14 00 00 00  2018 08 12 00 00 00          1
R05    GLONASS-M    856  2018 08 22 00 00 00                               1
R06    GLONASS      764  1996 01 01 00 00 00  2001 11 30 23 59 59         13
R06    GLONASS      790  2001 12 01 00 00 00  2003 12 09 23 59 59          9
R06    GLONASS-M    701  2003 12 10 00 00 00  2009 09 13 23 59 59          1
R06    GLONASS-M    701  2009 09 14 00 00 00  2010 04 27 23 59 59         -4
R06    GLONASS-M    714  2010 04 28 00 00 00  2010 09 30 23 59 59         -6
R06    GLONASS-M    733  2010 10 01 00 00 00                              -4
R07    GLONASS      759  1996 01 01 00 00 00  1997 08 04 23 59 59         21
R07    GLONASS      786  1998 12 30 00 00 00  2004 12 25 23 59 59          7
R07    GLONASS-M    712  2004 12 26 00 00 00  2007 02 06 23 59 58          4
R07    GLONASS-M    712  2007 02 06 23 59 59  2011 12 14 23 59 59          5
R07    GLONASS-M    745  2011 12 15 00 00 00                               5
R08    GLONASS      769  1996 01 01 00 00 00  1997 06 25 23 59 59          2
R08    GLONASS      784  1998 12 30 00 00 00  2004 12 25 23 59 59          8
R08    GLONASS      797  2004 12 26 00 00 00  2008 12 24 23 59 59          6
R08    GLONASS-M    729  2008 12 25 00 00 00  2012 09 13 00 00 00          6
R08    GLONASS-M    743  2012 09 17 00 00 00  2012 10 17 23 59 59         -6
R08    GLONASS-M    712  2012 10 18 00 00 00  2012 12 21 23 59 59          6
R08    GLONASS-M    743  2012 12 22 00 00 00  2013 01 05 23 59 59         -6
R08    GLONASS-K1   801  2013 01 06 00 00 00  2013 02 22 23 59 59         -5
R08    GLONASS-M    743  2013 02 23 00 00 00                               6
R09    GLONASS      776  1996 01 01 00 00 00  2007 12 24 23 59 59          6
R09    GLONASS-M    722  2007 12 25 00 00 00  2010 09 30 23 59 59         -2
R09    GLONASS-M    736  2010 10 01 00 00 00  2016 02 15 23 59 59         -2
R09    GLONASS-K1   802  2016 02 16 00 00 00  2016 11 17 23 59 59         -6
R09    GLONASS-K1   802  2016 11 18 00 00 00                              -2
R10    GLONASS      781  1996 01 01 00 00 00  2006 12 24 23 59 59          9
R10    GLONASS-M    717  2006 12 25 00 00 00  2009 03 11 23 59 58          4
R10    GLONASS-M    717  2009 03 11 23 59 59  2019 08 02 00 00 00         -7
R10    GLONASS-M    723  2019 09 30 00 00 00  2019 10 17 23 59 59          0
R10    GLONASS-M    723  2019 10 18 00 00 00  2020 02 05 23 59 59         -5
R10    GLONASS-M    723  2020 02 06 00 00 00                              -7
R11    GLONASS      785  1996 01 01 00 00 00  2007 12 24 23 59 59          4
R11    GLONASS-M    723  2007 12 25 00 00 00  2016 06 23 23 59 59          0
R11    GLONASS-M    853  2016 06 24 00 00 00  2020 11 19 23 59 59          0
R11    GLONASS-K1   805  2020 12 01 00 00 00  2020 12 22 23 59 59         -5
R11    GLONASS-K1   805  2020 12 23 00 00 00                               0
R12    GLONASS      767  1996 01 01 00 00 00  2010 09 01 23 59 59         22
R12    GLONASS-M    737  2010 09 02 00 00 00  2016 11 22 00 00 00         -1
R12    GLONASS-M    723  2016 12 15 00 00 00  2019 06 18 23 59 59         -1
R12    GLONASS-M    858  2019 06 19 00 00 00                              -1
R13    GLONASS      782  1996 01 01 00 00 00  2007 12 24 23 59 59          6
R13    GLONASS-M    721  2007 12 25 00 00 00                              -2
R14    GLONASS      770  1996 01 01 00 00 00  2006 12 24 23 59 59          9
R14    GLONASS-M    715  2006 12 25 00 00 00  2009 03 11 23 59 58          4
R14    GLONASS-M    715  2009 03 11 23 59 59  2010 12 15 23 59 59         -7
R14    GLONASS-M    722  2010 12 16 00 00 00  2011 10 12 23 59 59         -7
R14    GLONASS-M    715  2011 10 13 00 00 00  2017 07 08 23 59 59         -7
R14    GLONASS-K1   801  2017 09 21 00 00 00  2017 10 05 23 59 59         -5
R14    GLONASS-M    852  2017 10 10 00 00 00                              -7
R15    GLONASS      780  1996 01 01 00 00 00  1998 12 31 23 59 59          4
R15    GLONASS      778  1999 04 07 00 00 00  2006 12 24 23 59 59         11
R15    GLONASS-M    716  2006 12 25 00 00 00  2018 11 23 23 59 59          0
R15    GLONASS-M    857  2018 11 24 00 00 00                               0
R16    GLONASS      775  1996 01 01 00 00 00  2010 09 01 23 59 59         22
R16    GLONASS-M    736  2010 09 02 00 00 00  2010 09 30 23 59 59         -6
R16    GLONASS-M    738  2010 10 01 00 00 00  2016 02 14 23 59 59         -1
R16    GLONASS-M    736  2016 03 09 00 00 00  2021 12 18 00 00 00         -1
R16    GLONASS-M    861  2022 11 28 00 00 00                              -1
R17    GLONASS      760  1996 01 01 00 00 00  2000 09 30 23 59 59         24
R17    GLONASS      787  2000 10 13 00 00 00  2007 10 25 23 59 59          5
R17    GLONASS-M    718  2007 10 26 00 00 00  2009 03 11 23 59 58         -1
R17    GLONASS-M    718  2009 03 11 23 59 59  2010 12 15 23 59 59          4
R17    GLONASS-M    714  2010 12 16 00 00 00  2011 01 16 23 59 58         -5
R17    GLONASS-M    714  2011 01 16 23 59 59  2011 12 19 23 59 59          4
R17    GLONASS-M    746  2011 12 20 00 00 00  2015 04 12 23 59 59          4
R17    GLONASS-M    714  2015 04 13 00 00 00  2016 01 26 23 59 59         -6
R17    GLONASS-K1   802  2016 01 27 00 00 00  2016 02 15 23 59 59         -6
R17    GLONASS-M    714  2016 02 16 00 00 00  2016 02 23 23 59 59          4
R17    GLONASS-M    851  2016 02 24 00 00 00                               4
R18    GLONASS      758  1996 01 01 00 00 00  2000 01 15 23 59 59         10
R18    GLONASS      783  2000 10 13 00 00 00  2008 09 24 23 59 59         10
R18    GLONASS-M    724  2008 09 25 00 00 00  2014 02 11 23 59 59         -3
R18    GLONASS-M    714  2014 02 18 00 00 00  2014 04 10 23 59 59         -6
R18    GLONASS-M    854  2014 04 11 00 00 00                              -3
R19    GLONASS      777  1996 01 01 00 00 00  2005 12 24 23 59 59          3
R19    GLONASS      798  2005 12 25 00 00 00  2007 10 25 23 59 59          3
R19    GLONASS-M    720  2007 10 26 00 00 00                               3
R20    GLONASS      765  1996 01 01 00 00 00  2006 02 27 23 59 59          1
R20    GLONASS      793  2006 02 28 00 00 00  2007 10 25 23 59 59         11
R20    GLONASS-M    719  2007 10 26 00 00 00                               2
R21    GLONASS      756  1996 01 01 00 00 00  2002 12 24 23 59 59         24
R21    GLONASS      792  2002 12 25 00 00 00  2007 02 06 23 59 58          5
R21    GLONASS      792  2007 02 06 23 59 59  2008 09 24 23 59 59          8
R21    GLONASS-M    725  2008 09 25 00 00 00  2009 03 11 23 59 58         -1
R21    GLONASS-M    725  2009 03 11 23 59 59  2014 08 01 23 59 59          4
R21    GLONASS-M    855  2014 08 02 00 00 00                               4
R22    GLONASS      766  1996 01 01 00 00 00  2002 12 24 23 59 59         10
R22    GLONASS      791  2002 12 25 00 00 00  2007 10 25 23 59 59         10
R22    GLONASS      798  2007 10 26 00 00 00  2008 09 24 23 59 59          3
R22    GLONASS-M    726  2008 09 25 00 00 00  2010 02 28 23 59 59         -3
R22    GLONASS-M    731  2010 03 01 00 00 00  2020 06 24 23 59 59         -3
R22    GLONASS-M    735  2020 08 13 00 00 00  2022 06 04 23 59 59         -3
R22    GLONASS-K1   806  2022 07 07 00 00 00                              -3
R23    GLONASS      761  1996 01 01 00 00 00  2002 12 24 23 59 59          3
R23    GLONASS      793  2002 12 25 00 00 00  2006 02 27 23 59 59         11
R23    GLONASS-M    714  2006 02 28 00 00 00  2010 03 18 23 59 59          3
R23    GLONASS-M    732  2010 03 19 00 00 00                               3
R24    GLONASS      774  1996 01 01 00 00 00  1996 08 26 23 59 59          1
R24    GLONASS      788  2000 10 13 00 00 00  2005 12 24 23 59 59          3
R24    GLONASS-M    713  2005 12 25 00 00 00  2010 02 28 23 59 59          2
R24    GLONASS-M    735  2010 03 01 00 00 00  2020 04 09 23 59 59          2
R24    GLONASS-M    860  2020 04 10 00 00 00                               2
R25    GLONASS-K1   805  2020 11 12 00 00 00  2020 11 30 23 59 59         -5
R25    GLONASS-K1   807  2022 10 10 00 00 00                              -5
R26    GLONASS-K1   801  2012 03 15 00 00 00  2013 01 05 23 59 59         -5
R26    GLONASS-K1   801  2013 02 23 00 00 00  2017 09 20 23 59 59         -5
R26    GLONASS-K1   801  2017 10 06 00 00 00  2019 08 05 23 59 59         -5
R26    GLONASS-K1   801  2019 08 06 00 00 00                              -6
R27    GLONASS-K1   802  2014 11 30 00 00 00  2016 01 26 23 59 59          7
R27    GLONASS-M    716  2019 08 03 00 00 00                               0
